5 0.346192053207669 0.11650870305209987 0.2228714982690872 0.025425625470983208
6 0.46035175108548815 0.39064469137475627 0.5143182547437023 0.41873698616301447
3 0.32241372932070084 0.16445022570743328 0.15499777921556412 0.024439483859715505
7 0.47130163757133586 0.2009486654189821 0.45084416278054174 0.04405538537869766
3 0.4177222307075057 0.2640107401161372 0.3344350422908436 0.04180438028635546
3 0.28089327830870375 0.30533276216841926 0.07621260098358651 0.017043324270591072
3 0.3468155702987258 0.3281643852478904 0.2144886280846084 0.02090219014317775
3 0.3673232659635869 0.37946898302302384 0.26663089331259504 0.03136834038971706
3 0.3779885016960906 0.4268351770114967 0.2879613647776026 0.024467305503979374
3 0.3880263706208001 0.4927086918299024 0.3218391723984971 0.053326178662518944
3 0.34881594513365377 0.5535632721859536 0.24843725588655918 0.03952410889104343
6 0.4131210429325738 0.7754026828096258 0.5025208130432673 0.30991920305040466
3 0.26819931033208094 0.6386367187104594 0.10602499051724369 0.0200757378494189
3 0.2798055962762762 0.6668682250612047 0.12296389432769089 0.022585205080596325
7 0.40402422421955575 0.7007460326820992 0.36889168298307273 0.03638727485207184
3 0.34066017663232734 0.7459164428432917 0.24843725588655918 0.03262307400530574
3 0.39555477231433217 0.7766574164252146 0.11857232667313042 0.021330471465007435
3 0.433824147589787 0.8117899576616975 0.4385293986482446 0.05771774631707942
3 0.4316283637625068 0.8873876580009157 0.4228452284533861 0.08093031820546998
