5 0.9186439171776414 0.33004532124766733 0.026659557451346388 0.3088065404780947
5 0.8658802097218519 0.2950546520927753 0.02777037234515234 0.2277170532302497
6 0.43377321603128044 0.3083844308184485 0.787567759708522 0.33657691282324714
3 0.8053407980094195 0.24506798187150097 0.019994668088509825 0.12552208300008882
3 0.7259175331022837 0.3339331733759887 0.07220296809739622 0.29214431707100325
7 0.6037278947836131 0.33004532124766733 0.1055274149115791 0.29325513196480935
3 0.5004221096596463 0.29116679996445405 0.04998667022127435 0.19772505109748514
3 0.4454367724162445 0.33004532124766733 0.03110281702657069 0.2688172043010752
7 0.35490535857104766 0.33393317337598866 0.11663556384964008 0.289922687283391
7 0.23604816493379538 0.3344885808228917 0.0833111170354572 0.27992535323913614
7 0.10219497023016082 0.3350439882697948 0.11552474895583398 0.29214431707100325
7 0.8158935395005775 0.5983071181018396 0.023327112769927966 0.22327379365502537
3 0.7492446458722118 0.6060828223584821 0.08331111703545702 0.2299386830178618
7 0.636496934150893 0.6021949702301609 0.0999733404425487 0.23104949791166804
3 0.555407446903048 0.5644272638407536 0.05331911490269263 0.1466275659824047
7 0.567626410734915 0.6832844574780058 0.03110281702657069 0.0866435617168753
7 0.4998667022127432 0.6116368968275127 0.04665422553985607 0.24549009153114723
3 0.4582111436950146 0.591642228739003 0.023327112769928035 0.16995467875233267
7 0.37878787878787873 0.6121923042744157 0.08442193192926332 0.23993601706211679
3 0.2804807606860393 0.6066382298053853 0.06553807873455969 0.20438994046032177
3 0.1955034213098729 0.6077490446991913 0.05776237447791697 0.2332711276992802
3 0.127188305340798 0.5638718563938505 0.03443526170798897 0.12330045321247673
7 0.07553541277881452 0.5888651915044878 0.04665422553985603 0.18217364258419969
