3 0.8682795698924731 0.31518817204301075 0.0779569892473117 0.23790322580645162
3 0.7856182795698925 0.2977150537634409 0.03897849462365585 0.20833333333333331
6 0.6915322580645161 0.3245967741935484 0.11962365591397855 0.375
3 0.7217741935483872 0.3481182795698925 0.05107526881720432 0.31451612903225806
3 0.6525537634408601 0.32123655913978494 0.06048387096774192 0.282258064516129
6 0.32325268817204306 0.31518817204301075 0.5309139784946236 0.42876344086021506
7 0.4946236559139785 0.3494623655913978 0.19086021505376352 0.34677419354838707
4 0.2641129032258065 0.34072580645161293 0.19220430107526884 0.3266129032258065
0 0.1364247311827957 0.32123655913978494 0.03897849462365592 0.29838709677419356
7 0.0799731182795699 0.34475806451612895 0.052419354838709686 0.3669354838709677
7 0.8877688172043011 0.6303763440860215 0.03629032258064512 0.20967741935483863
5 0.8467741935483872 0.5772849462365591 0.01881720430107535 0.09543010752688176
7 0.7533602150537635 0.6115591397849462 0.09274193548387089 0.1827956989247312
3 0.6512233653960254 0.6409773707530523 0.05484620661826788 0.21034424296456536
7 0.5710635249539417 0.6442922513728376 0.051229973214865436 0.23626058235561487
3 0.5177240822537583 0.5804054612460643 0.044600211975294644 0.09281665735399144
7 0.528874135247582 0.6879884049972819 0.022300105987647284 0.09221395178675791
7 0.4532345865597512 0.6442922513728377 0.07473549033698035 0.22059023760753851
7 0.35589763745150677 0.6385665484841173 0.056051617752735226 0.19829013161989104
7 0.2700120941207029 0.6445936041564546 0.0602705567233712 0.20070095388882606
