0 0.3471725066963651 0.5092540212990043 0.5932198934934814 0.27380394032184957
3 0.34005101937951665 0.6951637006225948 0.47927609642390506 0.06605386887141904
3 0.4525705189857232 0.7934454651933754 0.7427711271473002 0.06232502143512917
3 0.19868949614007358 0.8985220804838281 0.28201089774720123 0.06871733132591175
0 0.3988032897435169 0.8849384219659154 0.10824660721609745 0.03409231941750676
0 0.7340124487157079 0.8901291522914606 0.5291265076418449 0.06392309890782485
3 0.3970006422998013 0.32810952871229426 0.5547742360093163 0.05298553532112241
3 0.29713331962532874 0.07783715808235683 0.3422674947582901 0.026258318389228822
3 0.2689244601672279 0.13973176571411045 0.31217804466964916 0.04688985426648001
3 0.6630608453615734 0.12847820069015525 0.285222912298575 0.050641042607798406
3 0.37423753547747096 0.2159277788971405 0.5378489203344557 0.04642095572381521
