5 0.3517912729545607 0.08821820650792671 0.4299724447815603 0.028152957694030745
1 0.2196643237768937 0.1397253222890511 0.14012494852256208 0.02751311774643913
6 0.4013788688929102 0.15860060074300347 0.5163508377064272 0.08445887308209211
7 0.41193622802817176 0.26353435214802723 0.5617794739854315 0.0972556720339244
1 0.3906222880046765 0.37174700955072404 0.115811030514081 0.026873277798847538
7 0.3832641286073731 0.38358404858116885 0.5080329183877366 0.06590351460193566
7 0.4018194870875296 0.4690026815846484 0.5361858760817673 0.06398399475916072
1 0.23130214105436614 0.5726567530944888 0.12988750936109636 0.02175455821811454
1 0.2258635014998375 0.6599949059407433 0.1458835080508865 0.030072477536805593
6 0.5131516379684693 0.6145662696617391 0.4197350056200946 0.12092975009481385
5 0.19547110398923612 0.5448237153742539 0.14140462841774526 0.028792797641622344
5 0.1849137448539746 0.7198199410405587 0.12284926993758866 0.028152957694030506
1 0.20026990359617322 0.7524517783677307 0.1228492699375887 0.02047487832293143
6 0.4869182001172135 0.8113170535461586 0.42357404530564424 0.14844286784125302
6 0.45524612271142884 0.9331367254766769 0.30392397510601354 0.08765807282005028
7 0.2608648272111685 0.6047816088058511 0.07297679926157948 0.028863957916893383
7 0.23254547227383918 0.8009476109693486 0.07842282905721977 0.059361724772478794
5 0.2138224322044509 0.9082478369271945 0.1563775996719118 0.027126726473698994
