5 0.19800483366511926 0.07919930111169497 0.11911012276712887 0.028339382914581757
7 0.2780348358802677 0.16681387551928853 0.27156890946444745 0.10092532829137832
3 0.689267755926431 0.32816023411105755 0.44399361388631897 0.06544854622531801
3 0.7047859793243992 0.4553873146238254 0.4646845784169434 0.09113862979039616
5 0.17199364266081674 0.5397975891947965 0.17501107498819948 0.032418438784503394
6 0.4301996375325692 0.6248195324220788 0.6655593590684237 0.08624528053990517
0 0.5112392486108487 0.8257526860203686 0.8724690043746693 0.31195101471880576
5 0.193115668952496 0.2562891669944699 0.16380346920077785 0.031806770128191955
5 0.5452931277341684 0.2556774983381585 0.14742312228069998 0.03058343281556919
4 0.25561962430542434 0.38382208183539346 0.3819207202944452 0.2281524088041463
